20
20
1 0 1 1 1 1 1 1 1 1 1 1 1 1 1 1 1 1 1 1
1 0 1 0 0 4 1 6 0 0 0 0 0 0 4 1 0 5 4 1
1 0 1 0 1 1 1 1 1 1 1 1 0 1 1 1 7 1 0 1
1 0 1 0 0 3 1 4 0 0 0 0 0 1 0 1 0 1 0 1
1 0 1 1 0 1 1 1 0 1 1 1 1 1 0 0 0 1 0 1
1 0 0 1 0 0 0 1 0 1 0 0 0 0 0 1 1 1 0 1
1 1 0 1 1 1 0 1 0 1 0 1 1 1 0 1 6 1 0 1
1 1 0 0 5 1 0 1 0 1 0 1 0 0 0 1 0 1 0 1
1 1 0 1 0 1 0 0 0 1 0 1 0 1 0 1 0 1 0 1
1 1 0 1 0 1 1 1 1 1 0 1 0 1 0 1 0 1 0 1
1 0 0 1 0 3 1 0 0 0 0 1 6 1 0 1 0 0 0 1
1 0 1 1 1 1 1 5 1 1 0 1 1 1 0 1 1 1 5 1
1 0 0 0 1 2 2 2 2 1 0 0 0 0 0 0 3 1 5 1
1 1 1 0 1 1 1 1 2 1 0 1 1 1 1 1 1 1 0 1
1 0 0 0 1 6 2 2 2 1 0 0 0 0 0 1 0 0 0 1
1 0 1 1 1 1 1 1 1 1 0 1 1 1 1 1 0 1 1 1
1 0 0 0 0 0 0 0 0 0 0 1 4 0 0 0 0 10 0 1
1 10 1 7 1 1 1 1 1 1 5 1 1 1 0 1 1 1 1 1
1 9 1 4 1 2 2 2 2 2 2 2 2 1 0 0 0 7 7 1
1 1 1 1 1 1 1 1 1 1 1 1 1 1 1 1 1 1 0 1
