20
20
1 1 1 1 1 1 1 1 1 0 1 1 1 1 1 1 1 1 1 1
1 0 0 0 0 0 0 0 0 0 0 0 0 0 0 0 0 0 0 1
1 0 1 1 1 0 1 1 1 1 1 1 1 0 1 1 1 1 0 1
1 0 1 3 1 0 1 4 0 0 0 0 0 0 0 0 0 1 7 1
1 0 1 0 1 0 1 1 1 1 0 1 1 1 1 1 0 1 0 1
1 0 1 0 0 5 0 0 0 1 0 1 0 0 0 1 0 1 2 1
1 0 1 1 1 1 1 1 0 1 0 1 0 1 0 1 0 1 2 1
1 0 0 0 0 0 3 1 0 1 0 1 0 1 0 1 0 1 2 1
1 1 1 1 1 1 1 1 0 1 0 1 0 1 0 1 0 1 2 1
1 5 2 2 2 2 2 1 3 1 9 1 0 1 0 1 0 1 2 1
1 2 1 1 1 1 1 1 1 1 1 1 0 1 0 1 0 1 2 1
1 2 1 0 0 0 0 0 0 0 0 0 0 1 0 1 0 1 2 1
1 2 1 0 1 0 1 1 1 1 1 1 1 1 0 1 0 1 2 1
1 4 1 0 1 0 1 3 0 0 4 1 0 0 0 1 0 1 2 1
1 1 1 0 1 0 1 1 6 1 1 1 0 1 0 1 0 1 0 1
1 0 0 0 1 0 0 1 3 1 6 0 0 1 0 0 0 1 4 1
1 0 1 1 1 1 1 1 1 1 1 1 1 1 1 1 1 1 1 1
1 0 10 1 0 0 0 0 0 10 1 0 0 0 1 0 0 0 10 1
1 0 0 0 0 1 0 0 0 0 0 0 1 0 0 0 1 0 0 7
1 1 1 1 1 1 1 1 1 1 1 1 1 1 1 1 1 1 1 1
